-24
-94
5
-36
95
12
18
-76
18
-31
91
17
-58
60
-49
53
-80
11
-61
-17
12
75
-60
-4
93
46
-94
-5
22
-44
-54
17
-16
1
-47
10
63
72
-25
-55
74
39
47
42
75
77
-22
77
-48
76
-34
-85
-80
-93
17
97
-19
-89
-28
13
-47
68
51
-8
-80
-66
-90
12
-93
-10
52
-99
-81
-97
66
-8
-36
-23
-9
-58
4
3
15
17
53
95
-80
98
-28
-9
-9
82
87
-47
-28
99
90
91
-1
-66
22
73
40
53
38
60
20
30
6
-80
24
-22
-90
-46
14
-10
72
76
9
76
93
-67
20
21
2
-40
-79
29
-13
29
100
23
73
-99
-96
91
31
47
-21
44
-52
73
-45
-52
73
30
-56
-23
-13
-60
-28
89
-62
26
82
-66
100
-2
-91
-26
67
-32
49
-91
-45
87
-62
-32
93
-74
85
-36
39
30
75
34
4
-61
92
-11
89
0
48
27
95
94
-79
86
34
70
-35
62
94
60
-75
-18
-9
-8
-41
-50
-16
45
35
7
57
26
-2
-46
-83
-91
-87
-13
-43
96
45
-25
-52
-70
35
23
29
-66
66
-36
-66
-79
-50
17
-66
8
-49
1
-14
81
-91
86
-98
-33
24
10
36
-31
-9
-73
66
84
14
66
-74
70
76
-68
21
-26
-26
-96
11
16
39
23
-65
25
-91
38
-23
-82
34
-62
10
29
-28
-51
-12
-32
-69
58
48
-98
-56
86
-39
81
-88
-98
-25
-13
93
-84
-58
-20
17
36
-66
-19
-74
-46
-60
41
22
9
-89
-43
-49
49
23
66
93
-2
-81
95
-96
79
-15
-19
81
-38
-59
86
-66
-69
71
-24
85
35
80
5
-63
39
83
96
28
-18
28
-65
-5
-89
-69
68
-55
-54
-76
61
50
10
56
22
-20
-49
71
-24
15
69
79
-50
-61
-6
-86
23
75
-66
-71
-6
-88
-89
-53
93
36
51
51
23
-40
70
41
-92
-83
-53
49
75
43
95
-55
-51
84
45
15
-21
-35
47
-15
-38
-85
79
16
98
-74
-74
-37
-26
-53
-82
-62
-46
-24
-92
49
21
63
90
-9
67
24
45
-28
89
58
-87
-10
58
81
87
60
83
64
9
46
-24
-42
36
-13
5
-27
-23
48
-53
26
-19
52
-54
-80
-98
-48
6
-98
-5
78
43
-43
11
-89
94
79
-63
67
33
-54
-11
23
15
88
-27
48
39
50
-12
-78
-93
-48
35
-40
97
21
92
-34
100
68
-65
1
-62
-15
-4
67
-10
76
-21
76
88
-97
-28
74
65
59
-75
51
-9
67
-6
-65
83
-85
8
94
51
79
-1
-49
39
42
-87
-32
19
-60
-91
12
60
46
-47
15
2
13
68
73
45
-12
40
76
-75
97
13
50
23
-87
88
57
-59
80
28
75
-93
54
78
83
-74
-87
82
74
-25
-55
4
17
45
-15
-22
-91
99
-73
21
19
-39
0
31
-88
-96
51
-68
44
-89
58
6
81
11
-74
47
-49
-29
-32
-88
28
36
66
14
82
65
-55
-55
29
20
66
-84
1
72
90
0
41
99
92
30
-23
-53
16
-82
-3
-4
97
-41
63
-83
76
57
-29
69
-33
-67
13
-93
-56
-83
90
89
10
-97
-40
-52
-47
-94
42
-80
-86
-56
32
-28
-64
21
42
82
11
56
-42
96
72
-81
-84
68
-71
-72
60
-97
47
-13
-53
-97
39
-49
38
-63
12
97
68
50
-63
49
44
-65
68
-57
-97
-16
17
100
-7
-61
63
-35
89
-33
-74
25
65
-29
83
54
13
100
28
-42
62
-27
92
87
41
-32
-78
9
67
-18
-50
85
-16
-64
62
18
-61
-49
48
-52
24
-54
72
49
65
-26
-52
93
-59
-20
-41
-67
82
29
17
43
-32
-10
-45
-17
-68
6